22 0.065161 0.091939 0.247379 
23 0.047245 0.115292 0.251968 
24 0.026664 0.115151 0.251426 
25 0.062508 0.091786 0.270277 
26 0.041198 0.109059 0.277868 
27 0.019512 0.108172 0.275847 
28 0.058810 0.056932 0.298158 
29 0.043087 0.064303 0.302471 
30 0.026112 0.064803 0.298547 
31 0.061198 0.074039 0.287388 
32 0.040895 0.089723 0.290412 
33 0.020271 0.088731 0.284970 
34 0.069309 0.039452 0.224048 
35 0.050251 0.058720 0.214154 
36 0.040289 0.080760 0.212489 
37 -0.047015 0.091094 0.237820 
38 -0.031771 0.115361 0.245423 
39 -0.011350 0.118116 0.244423 
40 -0.042601 0.088363 0.261563 
41 -0.023615 0.107636 0.270014 
42 -0.002443 0.109760 0.266357 
43 -0.030853 0.050861 0.284459 
44 -0.015740 0.059265 0.289068 
45 0.000410 0.062734 0.284293 
46 -0.037301 0.069019 0.276705 
47 -0.019587 0.087700 0.281364 
48 0.000837 0.090519 0.275116 
49 -0.048312 0.042605 0.206182 
50 -0.032132 0.064299 0.197769 
51 -0.023651 0.086612 0.198742 
52 0.015167 0.094388 0.223163 
53 0.009705 0.116142 0.254713 
54 0.000249 0.106796 0.275368 
55 0.005565 0.087660 0.276690 
56 0.011451 0.069146 0.292366 
57 -0.013394 0.105432 0.201355 
58 0.008501 0.121628 0.241398 
59 0.014213 0.106392 0.256719 
60 0.015968 0.094352 0.266245 
61 0.015267 0.070710 0.276520 
