0 SpineBase 0.000671595 -0.178688 -0.214552 0.95
1 SpineMid -0 0.12145 -0.18312 0.95
2 Neck 0.000111729 0.412784 -0.139 0.95
3 Head -0.00573273 0.567146 -0.0988061 0.95
4 ShoulderLeft 0.169139 0.320403 -0.143489 0.95
5 ElbowLeft 0.254013 0.132809 -0.140865 0.95
6 WristLeft 0.106687 0.115673 -0.0111911 0.95
7 HandLeft 0.0700593 0.160342 0.0128627 0.95
8 ShoulderRight -0.167862 0.307723 -0.138962 0.95
9 ElbowRight -0.243214 0.112966 -0.13593 0.95
10 WristRight -0.0845499 0.130811 -0.0207384 0.8
11 HandRight -0.0396257 0.168732 0.0110431 0.8
12 Hipleft 0.0776707 -0.176399 -0.182159 0.95
13 KneeLeft 0.134428 -0.535824 -0.259165 0.95
14 AnkleLeft 0.167938 -0.902115 -0.340803 0.95
15 FootLeft 0.185753 -0.968529 -0.248676 0.95
16 HipRight -0.0731501 -0.1753 -0.176627 0.95
17 KneeRight -0.137291 -0.504852 -0.245632 0.95
18 AnkleRight -0.165579 -0.884321 -0.349056 0.95
19 FootRight -0.183432 -0.959023 -0.276412 0.95
20 SpineShoulder -3.79384e-05 0.341248 -0.152251 0.95
21 HandTipLeft 0.0406345 0.190679 0.0538276 0.95
22 ThumbLeft 0.0586695 0.140545 -0.0149999 0.95
23 HandHipRight 0.0333789 0.194174 0.0543712 0.95
24 ThumbRight -0.0474817 0.199952 0.0584784 0.95
pitch yaw roll -5 10 0
